# A, erster Versuch, zweiter Versuch, dritter Versuch, Korrektur
1.0 2.0 2.0 2.0 2.0
0.9 2.449917049601479 2.581707212266317 2.595340130223612 2.653903971975921
0.8 2.9492726429359166 3.194204902130684 3.2340746455441303 3.5779146998063083
0.7 3.297342457205588 3.7829741104686208 3.849694668599013 4.940710625824468
0.6 3.450916615130413 4.254255982900379 4.341591018449613 7.101505275281172
0.5 3.4007384861740055 4.465696602281269 4.641723534476473 10.587109749896282
0.4 3.453099582982407 4.2356059021697865 4.471474925330941 16.57461407065427
0.3 3.668193779551372 4.048295148865489 4.141605095781304 14.946190925989601
0.2 4.004202049901179 4.004202049901179 3.8535520162621584 19.327638527714313
0.1 3.5954901033000413 3.454248825114178 3.2465587886301184

